(kicad_pcb (version 20171130) (host pcbnew "(5.1.2)-2")

  (general
    (thickness 1.6)
    (drawings 43)
    (tracks 788)
    (zones 0)
    (modules 101)
    (nets 99)
  )

  (page A4)
  (layers
    (0 F.Cu signal)
    (1 In1.Cu signal hide)
    (2 In2.Cu signal hide)
    (31 B.Cu signal)
    (32 B.Adhes user)
    (33 F.Adhes user)
    (34 B.Paste user)
    (35 F.Paste user)
    (36 B.SilkS user)
    (37 F.SilkS user)
    (38 B.Mask user)
    (39 F.Mask user)
    (40 Dwgs.User user)
    (41 Cmts.User user)
    (42 Eco1.User user)
    (43 Eco2.User user)
    (44 Edge.Cuts user)
    (45 Margin user)
    (46 B.CrtYd user)
    (47 F.CrtYd user)
    (48 B.Fab user hide)
    (49 F.Fab user hide)
  )

  (setup
    (last_trace_width 0.25)
    (trace_clearance 0.2)
    (zone_clearance 0.508)
    (zone_45_only no)
    (trace_min 0.2)
    (via_size 0.8)
    (via_drill 0.4)
    (via_min_size 0.4)
    (via_min_drill 0.3)
    (uvia_size 0.3)
    (uvia_drill 0.1)
    (uvias_allowed no)
    (uvia_min_size 0.2)
    (uvia_min_drill 0.1)
    (edge_width 0.05)
    (segment_width 0.2)
    (pcb_text_width 0.3)
    (pcb_text_size 1.5 1.5)
    (mod_edge_width 0.12)
    (mod_text_size 1 1)
    (mod_text_width 0.15)
    (pad_size 1.524 1.524)
    (pad_drill 0.762)
    (pad_to_mask_clearance 0.051)
    (solder_mask_min_width 0.25)
    (aux_axis_origin 0 0)
    (grid_origin 76.2 66.04)
    (visible_elements 7FFFEFFF)
    (pcbplotparams
      (layerselection 0x010fc_ffffffff)
      (usegerberextensions false)
      (usegerberattributes false)
      (usegerberadvancedattributes false)
      (creategerberjobfile false)
      (excludeedgelayer true)
      (linewidth 0.100000)
      (plotframeref false)
      (viasonmask false)
      (mode 1)
      (useauxorigin false)
      (hpglpennumber 1)
      (hpglpenspeed 20)
      (hpglpendiameter 15.000000)
      (psnegative false)
      (psa4output false)
      (plotreference true)
      (plotvalue true)
      (plotinvisibletext false)
      (padsonsilk false)
      (subtractmaskfromsilk false)
      (outputformat 1)
      (mirror false)
      (drillshape 1)
      (scaleselection 1)
      (outputdirectory ""))
  )

  (net 0 "")
  (net 1 GND)
  (net 2 /SapphireMini_Proc/VBUS)
  (net 3 "Net-(C203-Pad1)")
  (net 4 "Net-(C204-Pad1)")
  (net 5 /P3V3)
  (net 6 "Net-(C303-Pad1)")
  (net 7 "Net-(C402-Pad1)")
  (net 8 "Net-(C503-Pad1)")
  (net 9 "Net-(C504-Pad1)")
  (net 10 /SapphireMini_Proc/AREF)
  (net 11 "Net-(C512-Pad1)")
  (net 12 "Net-(C701-Pad1)")
  (net 13 /SapphireMini_Proc/D+)
  (net 14 "Net-(CR501-Pad4)")
  (net 15 "Net-(CR501-Pad5)")
  (net 16 /SapphireMini_Proc/D-)
  (net 17 /SapphireMini_Proc/RED_LED)
  (net 18 "Net-(D501-Pad1)")
  (net 19 /SapphireMini_Proc/RED_LED2)
  (net 20 "Net-(D502-Pad1)")
  (net 21 /SapphireMini_Proc/GREEN_LED)
  (net 22 "Net-(D504-Pad1)")
  (net 23 "Net-(FB701-Pad2)")
  (net 24 "Net-(FB701-Pad1)")
  (net 25 "Net-(FB702-Pad2)")
  (net 26 "Net-(FB702-Pad1)")
  (net 27 "Net-(IC301-Pad7)")
  (net 28 "Net-(IC301-Pad6)")
  (net 29 /SapphireMini_DLHR/DLHR_EOC)
  (net 30 "Net-(IC301-Pad4)")
  (net 31 "Net-(IC301-Pad3)")
  (net 32 /SapphireMini_Power/VBAT)
  (net 33 /SapphireMini_Proc/SD_CD)
  (net 34 "Net-(J401-Pad8)")
  (net 35 /SapphireMini_Proc/SPI_MISO)
  (net 36 /SapphireMini_Proc/SPI_SCK)
  (net 37 /SapphireMini_Proc/SPI_MOSI)
  (net 38 /SapphireMini_Proc/SD_CS)
  (net 39 "Net-(J401-Pad1)")
  (net 40 /SapphireMini_DS3231/RESET)
  (net 41 "Net-(J501-Pad8)")
  (net 42 "Net-(J501-Pad7)")
  (net 43 "Net-(J501-Pad6)")
  (net 44 /SapphireMini_Proc/SWCLK)
  (net 45 /SapphireMini_Proc/SWDIO)
  (net 46 /SapphireMini_Proc/RS232_RXD5)
  (net 47 /SapphireMini_GNSS/RS232_RXD)
  (net 48 /SapphireMini_Proc/VBAT_MON)
  (net 49 /SapphireMini_Power/PWR_GOOD)
  (net 50 /SapphireMini_Proc/LOCAL_PPS)
  (net 51 /SapphireMini_DS3231/32KHz)
  (net 52 /SapphireMini_GNSS/TIMEMARK)
  (net 53 /SapphireMini_GNSS/GNSS_PWR)
  (net 54 /SapphireMini_Proc/SD_PWR)
  (net 55 /SapphireMini_DLHR/I2C_SCL)
  (net 56 /SapphireMini_DLHR/I2C_SDA)
  (net 57 /SapphireMini_Power/VBAT_EN)
  (net 58 /SapphireMini_GNSS/~GNSS_GO2SLEEP)
  (net 59 "Net-(Q201-Pad6)")
  (net 60 "Net-(Q201-Pad2)")
  (net 61 "Net-(R205-Pad2)")
  (net 62 "Net-(R208-Pad2)")
  (net 63 "Net-(R209-Pad2)")
  (net 64 "Net-(R210-Pad2)")
  (net 65 "Net-(R505-Pad2)")
  (net 66 "Net-(R702-Pad1)")
  (net 67 "Net-(R703-Pad2)")
  (net 68 "Net-(TP701-Pad1)")
  (net 69 "Net-(U701-Pad28)")
  (net 70 "Net-(U701-Pad23)")
  (net 71 "Net-(U701-Pad20)")
  (net 72 "Net-(U701-Pad16)")
  (net 73 "Net-(U701-Pad6)")
  (net 74 "Net-(U701-Pad3)")
  (net 75 "Net-(U701-Pad2)")
  (net 76 "Net-(J504-Pad8)")
  (net 77 "Net-(J504-Pad7)")
  (net 78 "Net-(J504-Pad6)")
  (net 79 "Net-(J504-Pad2)")
  (net 80 "Net-(J506-Pad8)")
  (net 81 "Net-(J506-Pad7)")
  (net 82 "Net-(J506-Pad5)")
  (net 83 "Net-(J506-Pad2)")
  (net 84 "Net-(R511-Pad1)")
  (net 85 "Net-(R512-Pad1)")
  (net 86 "Net-(R513-Pad1)")
  (net 87 "Net-(R514-Pad1)")
  (net 88 "Net-(R515-Pad1)")
  (net 89 "Net-(R516-Pad1)")
  (net 90 "Net-(R517-Pad1)")
  (net 91 "Net-(R518-Pad1)")
  (net 92 "Net-(R519-Pad1)")
  (net 93 "Net-(R520-Pad1)")
  (net 94 "Net-(R521-Pad1)")
  (net 95 "Net-(R522-Pad1)")
  (net 96 "Net-(R523-Pad1)")
  (net 97 "Net-(R524-Pad1)")
  (net 98 "Net-(R525-Pad1)")

  (net_class Default "This is the default net class."
    (clearance 0.2)
    (trace_width 0.25)
    (via_dia 0.8)
    (via_drill 0.4)
    (uvia_dia 0.3)
    (uvia_drill 0.1)
    (add_net /SapphireMini_DLHR/DLHR_EOC)
    (add_net /SapphireMini_DLHR/I2C_SCL)
    (add_net /SapphireMini_DLHR/I2C_SDA)
    (add_net /SapphireMini_DS3231/32KHz)
    (add_net /SapphireMini_DS3231/RESET)
    (add_net /SapphireMini_GNSS/GNSS_PWR)
    (add_net /SapphireMini_GNSS/RS232_RXD)
    (add_net /SapphireMini_GNSS/TIMEMARK)
    (add_net /SapphireMini_GNSS/~GNSS_GO2SLEEP)
    (add_net /SapphireMini_Power/PWR_GOOD)
    (add_net /SapphireMini_Power/VBAT)
    (add_net /SapphireMini_Power/VBAT_EN)
    (add_net /SapphireMini_Proc/AREF)
    (add_net /SapphireMini_Proc/D+)
    (add_net /SapphireMini_Proc/D-)
    (add_net /SapphireMini_Proc/GREEN_LED)
    (add_net /SapphireMini_Proc/LOCAL_PPS)
    (add_net /SapphireMini_Proc/RED_LED)
    (add_net /SapphireMini_Proc/RED_LED2)
    (add_net /SapphireMini_Proc/RS232_RXD5)
    (add_net /SapphireMini_Proc/SD_CD)
    (add_net /SapphireMini_Proc/SD_CS)
    (add_net /SapphireMini_Proc/SD_PWR)
    (add_net /SapphireMini_Proc/SPI_MISO)
    (add_net /SapphireMini_Proc/SPI_MOSI)
    (add_net /SapphireMini_Proc/SPI_SCK)
    (add_net /SapphireMini_Proc/SWCLK)
    (add_net /SapphireMini_Proc/SWDIO)
    (add_net /SapphireMini_Proc/VBAT_MON)
    (add_net /SapphireMini_Proc/VBUS)
    (add_net "Net-(C203-Pad1)")
    (add_net "Net-(C204-Pad1)")
    (add_net "Net-(C303-Pad1)")
    (add_net "Net-(C402-Pad1)")
    (add_net "Net-(C503-Pad1)")
    (add_net "Net-(C504-Pad1)")
    (add_net "Net-(C512-Pad1)")
    (add_net "Net-(C701-Pad1)")
    (add_net "Net-(CR501-Pad4)")
    (add_net "Net-(CR501-Pad5)")
    (add_net "Net-(D501-Pad1)")
    (add_net "Net-(D502-Pad1)")
    (add_net "Net-(D504-Pad1)")
    (add_net "Net-(FB701-Pad1)")
    (add_net "Net-(FB701-Pad2)")
    (add_net "Net-(FB702-Pad1)")
    (add_net "Net-(FB702-Pad2)")
    (add_net "Net-(IC301-Pad3)")
    (add_net "Net-(IC301-Pad4)")
    (add_net "Net-(IC301-Pad6)")
    (add_net "Net-(IC301-Pad7)")
    (add_net "Net-(J401-Pad1)")
    (add_net "Net-(J401-Pad8)")
    (add_net "Net-(J501-Pad6)")
    (add_net "Net-(J501-Pad7)")
    (add_net "Net-(J501-Pad8)")
    (add_net "Net-(J504-Pad2)")
    (add_net "Net-(J504-Pad6)")
    (add_net "Net-(J504-Pad7)")
    (add_net "Net-(J504-Pad8)")
    (add_net "Net-(J506-Pad2)")
    (add_net "Net-(J506-Pad5)")
    (add_net "Net-(J506-Pad7)")
    (add_net "Net-(J506-Pad8)")
    (add_net "Net-(Q201-Pad2)")
    (add_net "Net-(Q201-Pad6)")
    (add_net "Net-(R205-Pad2)")
    (add_net "Net-(R208-Pad2)")
    (add_net "Net-(R209-Pad2)")
    (add_net "Net-(R210-Pad2)")
    (add_net "Net-(R505-Pad2)")
    (add_net "Net-(R511-Pad1)")
    (add_net "Net-(R512-Pad1)")
    (add_net "Net-(R513-Pad1)")
    (add_net "Net-(R514-Pad1)")
    (add_net "Net-(R515-Pad1)")
    (add_net "Net-(R516-Pad1)")
    (add_net "Net-(R517-Pad1)")
    (add_net "Net-(R518-Pad1)")
    (add_net "Net-(R519-Pad1)")
    (add_net "Net-(R520-Pad1)")
    (add_net "Net-(R521-Pad1)")
    (add_net "Net-(R522-Pad1)")
    (add_net "Net-(R523-Pad1)")
    (add_net "Net-(R524-Pad1)")
    (add_net "Net-(R525-Pad1)")
    (add_net "Net-(R702-Pad1)")
    (add_net "Net-(R703-Pad2)")
    (add_net "Net-(TP701-Pad1)")
    (add_net "Net-(U701-Pad16)")
    (add_net "Net-(U701-Pad2)")
    (add_net "Net-(U701-Pad20)")
    (add_net "Net-(U701-Pad23)")
    (add_net "Net-(U701-Pad28)")
    (add_net "Net-(U701-Pad3)")
    (add_net "Net-(U701-Pad6)")
  )

  (net_class Ground ""
    (clearance 0.2)
    (trace_width 0.4064)
    (via_dia 0.8)
    (via_drill 0.4)
    (uvia_dia 0.3)
    (uvia_drill 0.1)
    (add_net GND)
  )

  (net_class Power ""
    (clearance 0.2)
    (trace_width 0.4064)
    (via_dia 0.8)
    (via_drill 0.4)
    (uvia_dia 0.3)
    (uvia_drill 0.1)
    (add_net /P3V3)
  )

  (module TestPoint:TestPoint_Loop_D2.50mm_Drill1.0mm (layer F.Cu) (tedit 5A0F774F) (tstamp 5E41DCED)
    (at 120.142 118.618 180)
    (descr "wire loop as test point, loop diameter 2.5mm, hole diameter 1.0mm")
    (tags "test point wire loop bead")
    (path /5E41DEF4/5E440C5F)
    (fp_text reference TP503 (at 1.016 -2.794) (layer F.SilkS)
      (effects (font (size 1 1) (thickness 0.15)))
    )
    (fp_text value TestPoint (at 0 -2.8) (layer F.Fab)
      (effects (font (size 1 1) (thickness 0.15)))
    )
    (fp_line (start -1.3 -0.2) (end -1.3 0.2) (layer F.Fab) (width 0.12))
    (fp_line (start -1.3 0.2) (end 1.3 0.2) (layer F.Fab) (width 0.12))
    (fp_line (start 1.3 0.2) (end 1.3 -0.2) (layer F.Fab) (width 0.12))
    (fp_line (start 1.3 -0.2) (end -1.3 -0.2) (layer F.Fab) (width 0.12))
    (fp_circle (center 0 0) (end 1.8 0) (layer F.CrtYd) (width 0.05))
    (fp_circle (center 0 0) (end 1.5 0) (layer F.SilkS) (width 0.12))
    (fp_text user %R (at 0.7 2.5) (layer F.Fab)
      (effects (font (size 1 1) (thickness 0.15)))
    )
    (pad 1 thru_hole circle (at 0 0 180) (size 2 2) (drill 1) (layers *.Cu *.Mask)
      (net 21 /SapphireMini_Proc/GREEN_LED))
    (model ${KISYS3DMOD}/TestPoint.3dshapes/TestPoint_Loop_D2.50mm_Drill1.0mm.wrl
      (at (xyz 0 0 0))
      (scale (xyz 1 1 1))
      (rotate (xyz 0 0 0))
    )
  )

  (module TestPoint:TestPoint_Loop_D2.50mm_Drill1.0mm (layer F.Cu) (tedit 5A0F774F) (tstamp 5E41DCE1)
    (at 124.46 118.618 180)
    (descr "wire loop as test point, loop diameter 2.5mm, hole diameter 1.0mm")
    (tags "test point wire loop bead")
    (path /5E41DEF4/5E436FA9)
    (fp_text reference TP502 (at 0.254 -2.794) (layer F.SilkS)
      (effects (font (size 1 1) (thickness 0.15)))
    )
    (fp_text value TestPoint (at 0 -2.8) (layer F.Fab)
      (effects (font (size 1 1) (thickness 0.15)))
    )
    (fp_line (start -1.3 -0.2) (end -1.3 0.2) (layer F.Fab) (width 0.12))
    (fp_line (start -1.3 0.2) (end 1.3 0.2) (layer F.Fab) (width 0.12))
    (fp_line (start 1.3 0.2) (end 1.3 -0.2) (layer F.Fab) (width 0.12))
    (fp_line (start 1.3 -0.2) (end -1.3 -0.2) (layer F.Fab) (width 0.12))
    (fp_circle (center 0 0) (end 1.8 0) (layer F.CrtYd) (width 0.05))
    (fp_circle (center 0 0) (end 1.5 0) (layer F.SilkS) (width 0.12))
    (fp_text user %R (at 0.7 2.5) (layer F.Fab)
      (effects (font (size 1 1) (thickness 0.15)))
    )
    (pad 1 thru_hole circle (at 0 0 180) (size 2 2) (drill 1) (layers *.Cu *.Mask)
      (net 19 /SapphireMini_Proc/RED_LED2))
    (model ${KISYS3DMOD}/TestPoint.3dshapes/TestPoint_Loop_D2.50mm_Drill1.0mm.wrl
      (at (xyz 0 0 0))
      (scale (xyz 1 1 1))
      (rotate (xyz 0 0 0))
    )
  )

  (module TestPoint:TestPoint_Loop_D2.50mm_Drill1.0mm (layer F.Cu) (tedit 5A0F774F) (tstamp 5E41DCD5)
    (at 128.778 118.618 180)
    (descr "wire loop as test point, loop diameter 2.5mm, hole diameter 1.0mm")
    (tags "test point wire loop bead")
    (path /5E41DEF4/5E42CCCA)
    (fp_text reference TP501 (at -0.762 -2.54) (layer F.SilkS)
      (effects (font (size 1 1) (thickness 0.15)))
    )
    (fp_text value TestPoint (at 0 -2.8) (layer F.Fab)
      (effects (font (size 1 1) (thickness 0.15)))
    )
    (fp_line (start -1.3 -0.2) (end -1.3 0.2) (layer F.Fab) (width 0.12))
    (fp_line (start -1.3 0.2) (end 1.3 0.2) (layer F.Fab) (width 0.12))
    (fp_line (start 1.3 0.2) (end 1.3 -0.2) (layer F.Fab) (width 0.12))
    (fp_line (start 1.3 -0.2) (end -1.3 -0.2) (layer F.Fab) (width 0.12))
    (fp_circle (center 0 0) (end 1.8 0) (layer F.CrtYd) (width 0.05))
    (fp_circle (center 0 0) (end 1.5 0) (layer F.SilkS) (width 0.12))
    (fp_text user %R (at 0.7 2.5) (layer F.Fab)
      (effects (font (size 1 1) (thickness 0.15)))
    )
    (pad 1 thru_hole circle (at 0 0 180) (size 2 2) (drill 1) (layers *.Cu *.Mask)
      (net 17 /SapphireMini_Proc/RED_LED))
    (model ${KISYS3DMOD}/TestPoint.3dshapes/TestPoint_Loop_D2.50mm_Drill1.0mm.wrl
      (at (xyz 0 0 0))
      (scale (xyz 1 1 1))
      (rotate (xyz 0 0 0))
    )
  )

  (module Resistor_SMD:R_0603_1608Metric (layer F.Cu) (tedit 5B301BBD) (tstamp 5E420EED)
    (at 94.996 106.68 180)
    (descr "Resistor SMD 0603 (1608 Metric), square (rectangular) end terminal, IPC_7351 nominal, (Body size source: http://www.tortai-tech.com/upload/download/2011102023233369053.pdf), generated with kicad-footprint-generator")
    (tags resistor)
    (path /5E41DEF4/5EB86B8D)
    (attr smd)
    (fp_text reference R525 (at 3.556 0) (layer F.SilkS)
      (effects (font (size 1 1) (thickness 0.15)))
    )
    (fp_text value 47 (at -2.159 0) (layer F.Fab)
      (effects (font (size 1 1) (thickness 0.15)))
    )
    (fp_text user %R (at 0 0) (layer F.Fab)
      (effects (font (size 0.4 0.4) (thickness 0.06)))
    )
    (fp_line (start 1.48 0.73) (end -1.48 0.73) (layer F.CrtYd) (width 0.05))
    (fp_line (start 1.48 -0.73) (end 1.48 0.73) (layer F.CrtYd) (width 0.05))
    (fp_line (start -1.48 -0.73) (end 1.48 -0.73) (layer F.CrtYd) (width 0.05))
    (fp_line (start -1.48 0.73) (end -1.48 -0.73) (layer F.CrtYd) (width 0.05))
    (fp_line (start -0.162779 0.51) (end 0.162779 0.51) (layer F.SilkS) (width 0.12))
    (fp_line (start -0.162779 -0.51) (end 0.162779 -0.51) (layer F.SilkS) (width 0.12))
    (fp_line (start 0.8 0.4) (end -0.8 0.4) (layer F.Fab) (width 0.1))
    (fp_line (start 0.8 -0.4) (end 0.8 0.4) (layer F.Fab) (width 0.1))
    (fp_line (start -0.8 -0.4) (end 0.8 -0.4) (layer F.Fab) (width 0.1))
    (fp_line (start -0.8 0.4) (end -0.8 -0.4) (layer F.Fab) (width 0.1))
    (pad 2 smd roundrect (at 0.7875 0 180) (size 0.875 0.95) (layers F.Cu F.Paste F.Mask) (roundrect_rratio 0.25)
      (net 54 /SapphireMini_Proc/SD_PWR))
    (pad 1 smd roundrect (at -0.7875 0 180) (size 0.875 0.95) (layers F.Cu F.Paste F.Mask) (roundrect_rratio 0.25)
      (net 98 "Net-(R525-Pad1)"))
    (model ${KISYS3DMOD}/Resistor_SMD.3dshapes/R_0603_1608Metric.wrl
      (at (xyz 0 0 0))
      (scale (xyz 1 1 1))
      (rotate (xyz 0 0 0))
    )
  )

  (module Resistor_SMD:R_0603_1608Metric (layer F.Cu) (tedit 5B301BBD) (tstamp 5E420EDC)
    (at 94.996 102.616 180)
    (descr "Resistor SMD 0603 (1608 Metric), square (rectangular) end terminal, IPC_7351 nominal, (Body size source: http://www.tortai-tech.com/upload/download/2011102023233369053.pdf), generated with kicad-footprint-generator")
    (tags resistor)
    (path /5E41DEF4/5EB8769C)
    (attr smd)
    (fp_text reference R524 (at 3.556 0) (layer F.SilkS)
      (effects (font (size 1 1) (thickness 0.15)))
    )
    (fp_text value 47 (at -2.159 -0.254) (layer F.Fab)
      (effects (font (size 1 1) (thickness 0.15)))
    )
    (fp_text user %R (at 0 0) (layer F.Fab)
      (effects (font (size 0.4 0.4) (thickness 0.06)))
    )
    (fp_line (start 1.48 0.73) (end -1.48 0.73) (layer F.CrtYd) (width 0.05))
    (fp_line (start 1.48 -0.73) (end 1.48 0.73) (layer F.CrtYd) (width 0.05))
    (fp_line (start -1.48 -0.73) (end 1.48 -0.73) (layer F.CrtYd) (width 0.05))
    (fp_line (start -1.48 0.73) (end -1.48 -0.73) (layer F.CrtYd) (width 0.05))
    (fp_line (start -0.162779 0.51) (end 0.162779 0.51) (layer F.SilkS) (width 0.12))
    (fp_line (start -0.162779 -0.51) (end 0.162779 -0.51) (layer F.SilkS) (width 0.12))
    (fp_line (start 0.8 0.4) (end -0.8 0.4) (layer F.Fab) (width 0.1))
    (fp_line (start 0.8 -0.4) (end 0.8 0.4) (layer F.Fab) (width 0.1))
    (fp_line (start -0.8 -0.4) (end 0.8 -0.4) (layer F.Fab) (width 0.1))
    (fp_line (start -0.8 0.4) (end -0.8 -0.4) (layer F.Fab) (width 0.1))
    (pad 2 smd roundrect (at 0.7875 0 180) (size 0.875 0.95) (layers F.Cu F.Paste F.Mask) (roundrect_rratio 0.25)
      (net 38 /SapphireMini_Proc/SD_CS))
    (pad 1 smd roundrect (at -0.7875 0 180) (size 0.875 0.95) (layers F.Cu F.Paste F.Mask) (roundrect_rratio 0.25)
      (net 97 "Net-(R524-Pad1)"))
    (model ${KISYS3DMOD}/Resistor_SMD.3dshapes/R_0603_1608Metric.wrl
      (at (xyz 0 0 0))
      (scale (xyz 1 1 1))
      (rotate (xyz 0 0 0))
    )
  )

  (module Resistor_SMD:R_0603_1608Metric (layer F.Cu) (tedit 5B301BBD) (tstamp 5E420ECB)
    (at 94.996 108.204 180)
    (descr "Resistor SMD 0603 (1608 Metric), square (rectangular) end terminal, IPC_7351 nominal, (Body size source: http://www.tortai-tech.com/upload/download/2011102023233369053.pdf), generated with kicad-footprint-generator")
    (tags resistor)
    (path /5E41DEF4/5EB87A25)
    (attr smd)
    (fp_text reference R523 (at 3.7845 0) (layer F.SilkS)
      (effects (font (size 1 1) (thickness 0.15)))
    )
    (fp_text value 47 (at -2.159 -0.381) (layer F.Fab)
      (effects (font (size 1 1) (thickness 0.15)))
    )
    (fp_text user %R (at 0 0) (layer F.Fab)
      (effects (font (size 0.4 0.4) (thickness 0.06)))
    )
    (fp_line (start 1.48 0.73) (end -1.48 0.73) (layer F.CrtYd) (width 0.05))
    (fp_line (start 1.48 -0.73) (end 1.48 0.73) (layer F.CrtYd) (width 0.05))
    (fp_line (start -1.48 -0.73) (end 1.48 -0.73) (layer F.CrtYd) (width 0.05))
    (fp_line (start -1.48 0.73) (end -1.48 -0.73) (layer F.CrtYd) (width 0.05))
    (fp_line (start -0.162779 0.51) (end 0.162779 0.51) (layer F.SilkS) (width 0.12))
    (fp_line (start -0.162779 -0.51) (end 0.162779 -0.51) (layer F.SilkS) (width 0.12))
    (fp_line (start 0.8 0.4) (end -0.8 0.4) (layer F.Fab) (width 0.1))
    (fp_line (start 0.8 -0.4) (end 0.8 0.4) (layer F.Fab) (width 0.1))
    (fp_line (start -0.8 -0.4) (end 0.8 -0.4) (layer F.Fab) (width 0.1))
    (fp_line (start -0.8 0.4) (end -0.8 -0.4) (layer F.Fab) (width 0.1))
    (pad 2 smd roundrect (at 0.7875 0 180) (size 0.875 0.95) (layers F.Cu F.Paste F.Mask) (roundrect_rratio 0.25)
      (net 53 /SapphireMini_GNSS/GNSS_PWR))
    (pad 1 smd roundrect (at -0.7875 0 180) (size 0.875 0.95) (layers F.Cu F.Paste F.Mask) (roundrect_rratio 0.25)
      (net 96 "Net-(R523-Pad1)"))
    (model ${KISYS3DMOD}/Resistor_SMD.3dshapes/R_0603_1608Metric.wrl
      (at (xyz 0 0 0))
      (scale (xyz 1 1 1))
      (rotate (xyz 0 0 0))
    )
  )

  (module Resistor_SMD:R_0603_1608Metric (layer F.Cu) (tedit 5B301BBD) (tstamp 5E420EBA)
    (at 94.996 104.648 180)
    (descr "Resistor SMD 0603 (1608 Metric), square (rectangular) end terminal, IPC_7351 nominal, (Body size source: http://www.tortai-tech.com/upload/download/2011102023233369053.pdf), generated with kicad-footprint-generator")
    (tags resistor)
    (path /5E41DEF4/5EB87137)
    (attr smd)
    (fp_text reference R522 (at 3.556 0) (layer F.SilkS)
      (effects (font (size 1 1) (thickness 0.15)))
    )
    (fp_text value 47 (at -2.159 -0.127) (layer F.Fab)
      (effects (font (size 1 1) (thickness 0.15)))
    )
    (fp_text user %R (at 0 0) (layer F.Fab)
      (effects (font (size 0.4 0.4) (thickness 0.06)))
    )
    (fp_line (start 1.48 0.73) (end -1.48 0.73) (layer F.CrtYd) (width 0.05))
    (fp_line (start 1.48 -0.73) (end 1.48 0.73) (layer F.CrtYd) (width 0.05))
    (fp_line (start -1.48 -0.73) (end 1.48 -0.73) (layer F.CrtYd) (width 0.05))
    (fp_line (start -1.48 0.73) (end -1.48 -0.73) (layer F.CrtYd) (width 0.05))
    (fp_line (start -0.162779 0.51) (end 0.162779 0.51) (layer F.SilkS) (width 0.12))
    (fp_line (start -0.162779 -0.51) (end 0.162779 -0.51) (layer F.SilkS) (width 0.12))
    (fp_line (start 0.8 0.4) (end -0.8 0.4) (layer F.Fab) (width 0.1))
    (fp_line (start 0.8 -0.4) (end 0.8 0.4) (layer F.Fab) (width 0.1))
    (fp_line (start -0.8 -0.4) (end 0.8 -0.4) (layer F.Fab) (width 0.1))
    (fp_line (start -0.8 0.4) (end -0.8 -0.4) (layer F.Fab) (width 0.1))
    (pad 2 smd roundrect (at 0.7875 0 180) (size 0.875 0.95) (layers F.Cu F.Paste F.Mask) (roundrect_rratio 0.25)
      (net 33 /SapphireMini_Proc/SD_CD))
    (pad 1 smd roundrect (at -0.7875 0 180) (size 0.875 0.95) (layers F.Cu F.Paste F.Mask) (roundrect_rratio 0.25)
      (net 95 "Net-(R522-Pad1)"))
    (model ${KISYS3DMOD}/Resistor_SMD.3dshapes/R_0603_1608Metric.wrl
      (at (xyz 0 0 0))
      (scale (xyz 1 1 1))
      (rotate (xyz 0 0 0))
    )
  )

  (module Resistor_SMD:R_0603_1608Metric (layer B.Cu) (tedit 5B301BBD) (tstamp 5E41B44F)
    (at 116.84 90.17)
    (descr "Resistor SMD 0603 (1608 Metric), square (rectangular) end terminal, IPC_7351 nominal, (Body size source: http://www.tortai-tech.com/upload/download/2011102023233369053.pdf), generated with kicad-footprint-generator")
    (tags resistor)
    (path /5E41DEF4/5E96370A)
    (attr smd)
    (fp_text reference R521 (at 3.556 0) (layer B.SilkS)
      (effects (font (size 1 1) (thickness 0.15)) (justify mirror))
    )
    (fp_text value 47 (at 0.635 1.27) (layer B.Fab)
      (effects (font (size 1 1) (thickness 0.15)) (justify mirror))
    )
    (fp_text user %R (at 0 0) (layer B.Fab)
      (effects (font (size 0.4 0.4) (thickness 0.06)) (justify mirror))
    )
    (fp_line (start 1.48 -0.73) (end -1.48 -0.73) (layer B.CrtYd) (width 0.05))
    (fp_line (start 1.48 0.73) (end 1.48 -0.73) (layer B.CrtYd) (width 0.05))
    (fp_line (start -1.48 0.73) (end 1.48 0.73) (layer B.CrtYd) (width 0.05))
    (fp_line (start -1.48 -0.73) (end -1.48 0.73) (layer B.CrtYd) (width 0.05))
    (fp_line (start -0.162779 -0.51) (end 0.162779 -0.51) (layer B.SilkS) (width 0.12))
    (fp_line (start -0.162779 0.51) (end 0.162779 0.51) (layer B.SilkS) (width 0.12))
    (fp_line (start 0.8 -0.4) (end -0.8 -0.4) (layer B.Fab) (width 0.1))
    (fp_line (start 0.8 0.4) (end 0.8 -0.4) (layer B.Fab) (width 0.1))
    (fp_line (start -0.8 0.4) (end 0.8 0.4) (layer B.Fab) (width 0.1))
    (fp_line (start -0.8 -0.4) (end -0.8 0.4) (layer B.Fab) (width 0.1))
    (pad 2 smd roundrect (at 0.7875 0) (size 0.875 0.95) (layers B.Cu B.Paste B.Mask) (roundrect_rratio 0.25)
      (net 55 /SapphireMini_DLHR/I2C_SCL))
    (pad 1 smd roundrect (at -0.7875 0) (size 0.875 0.95) (layers B.Cu B.Paste B.Mask) (roundrect_rratio 0.25)
      (net 94 "Net-(R521-Pad1)"))
    (model ${KISYS3DMOD}/Resistor_SMD.3dshapes/R_0603_1608Metric.wrl
      (at (xyz 0 0 0))
      (scale (xyz 1 1 1))
      (rotate (xyz 0 0 0))
    )
  )

  (module Resistor_SMD:R_0603_1608Metric (layer B.Cu) (tedit 5B301BBD) (tstamp 5E41B43E)
    (at 116.84 95.25)
    (descr "Resistor SMD 0603 (1608 Metric), square (rectangular) end terminal, IPC_7351 nominal, (Body size source: http://www.tortai-tech.com/upload/download/2011102023233369053.pdf), generated with kicad-footprint-generator")
    (tags resistor)
    (path /5E41DEF4/5E9F972F)
    (attr smd)
    (fp_text reference R520 (at 3.556 0) (layer B.SilkS)
      (effects (font (size 1 1) (thickness 0.15)) (justify mirror))
    )
    (fp_text value 47 (at 0.635 1.27) (layer B.Fab)
      (effects (font (size 1 1) (thickness 0.15)) (justify mirror))
    )
    (fp_text user %R (at 0 0) (layer B.Fab)
      (effects (font (size 0.4 0.4) (thickness 0.06)) (justify mirror))
    )
    (fp_line (start 1.48 -0.73) (end -1.48 -0.73) (layer B.CrtYd) (width 0.05))
    (fp_line (start 1.48 0.73) (end 1.48 -0.73) (layer B.CrtYd) (width 0.05))
    (fp_line (start -1.48 0.73) (end 1.48 0.73) (layer B.CrtYd) (width 0.05))
    (fp_line (start -1.48 -0.73) (end -1.48 0.73) (layer B.CrtYd) (width 0.05))
    (fp_line (start -0.162779 -0.51) (end 0.162779 -0.51) (layer B.SilkS) (width 0.12))
    (fp_line (start -0.162779 0.51) (end 0.162779 0.51) (layer B.SilkS) (width 0.12))
    (fp_line (start 0.8 -0.4) (end -0.8 -0.4) (layer B.Fab) (width 0.1))
    (fp_line (start 0.8 0.4) (end 0.8 -0.4) (layer B.Fab) (width 0.1))
    (fp_line (start -0.8 0.4) (end 0.8 0.4) (layer B.Fab) (width 0.1))
    (fp_line (start -0.8 -0.4) (end -0.8 0.4) (layer B.Fab) (width 0.1))
    (pad 2 smd roundrect (at 0.7875 0) (size 0.875 0.95) (layers B.Cu B.Paste B.Mask) (roundrect_rratio 0.25)
      (net 35 /SapphireMini_Proc/SPI_MISO))
    (pad 1 smd roundrect (at -0.7875 0) (size 0.875 0.95) (layers B.Cu B.Paste B.Mask) (roundrect_rratio 0.25)
      (net 93 "Net-(R520-Pad1)"))
    (model ${KISYS3DMOD}/Resistor_SMD.3dshapes/R_0603_1608Metric.wrl
      (at (xyz 0 0 0))
      (scale (xyz 1 1 1))
      (rotate (xyz 0 0 0))
    )
  )

  (module Resistor_SMD:R_0603_1608Metric (layer B.Cu) (tedit 5B301BBD) (tstamp 5E41B42D)
    (at 116.84 97.79)
    (descr "Resistor SMD 0603 (1608 Metric), square (rectangular) end terminal, IPC_7351 nominal, (Body size source: http://www.tortai-tech.com/upload/download/2011102023233369053.pdf), generated with kicad-footprint-generator")
    (tags resistor)
    (path /5E41DEF4/5E9FA251)
    (attr smd)
    (fp_text reference R519 (at 3.556 0) (layer B.SilkS)
      (effects (font (size 1 1) (thickness 0.15)) (justify mirror))
    )
    (fp_text value 47 (at 0.635 1.27) (layer B.Fab)
      (effects (font (size 1 1) (thickness 0.15)) (justify mirror))
    )
    (fp_text user %R (at 0 0) (layer B.Fab)
      (effects (font (size 0.4 0.4) (thickness 0.06)) (justify mirror))
    )
    (fp_line (start 1.48 -0.73) (end -1.48 -0.73) (layer B.CrtYd) (width 0.05))
    (fp_line (start 1.48 0.73) (end 1.48 -0.73) (layer B.CrtYd) (width 0.05))
    (fp_line (start -1.48 0.73) (end 1.48 0.73) (layer B.CrtYd) (width 0.05))
    (fp_line (start -1.48 -0.73) (end -1.48 0.73) (layer B.CrtYd) (width 0.05))
    (fp_line (start -0.162779 -0.51) (end 0.162779 -0.51) (layer B.SilkS) (width 0.12))
    (fp_line (start -0.162779 0.51) (end 0.162779 0.51) (layer B.SilkS) (width 0.12))
    (fp_line (start 0.8 -0.4) (end -0.8 -0.4) (layer B.Fab) (width 0.1))
    (fp_line (start 0.8 0.4) (end 0.8 -0.4) (layer B.Fab) (width 0.1))
    (fp_line (start -0.8 0.4) (end 0.8 0.4) (layer B.Fab) (width 0.1))
    (fp_line (start -0.8 -0.4) (end -0.8 0.4) (layer B.Fab) (width 0.1))
    (pad 2 smd roundrect (at 0.7875 0) (size 0.875 0.95) (layers B.Cu B.Paste B.Mask) (roundrect_rratio 0.25)
      (net 36 /SapphireMini_Proc/SPI_SCK))
    (pad 1 smd roundrect (at -0.7875 0) (size 0.875 0.95) (layers B.Cu B.Paste B.Mask) (roundrect_rratio 0.25)
      (net 92 "Net-(R519-Pad1)"))
    (model ${KISYS3DMOD}/Resistor_SMD.3dshapes/R_0603_1608Metric.wrl
      (at (xyz 0 0 0))
      (scale (xyz 1 1 1))
      (rotate (xyz 0 0 0))
    )
  )

  (module Resistor_SMD:R_0603_1608Metric (layer F.Cu) (tedit 5B301BBD) (tstamp 5E41B41C)
    (at 112.268 102.108)
    (descr "Resistor SMD 0603 (1608 Metric), square (rectangular) end terminal, IPC_7351 nominal, (Body size source: http://www.tortai-tech.com/upload/download/2011102023233369053.pdf), generated with kicad-footprint-generator")
    (tags resistor)
    (path /5E41DEF4/5E9FBCFB)
    (attr smd)
    (fp_text reference R518 (at 3.556 0) (layer F.SilkS)
      (effects (font (size 1 1) (thickness 0.15)))
    )
    (fp_text value 47 (at 0.127 -1.143) (layer F.Fab)
      (effects (font (size 1 1) (thickness 0.15)))
    )
    (fp_text user %R (at 0 0) (layer F.Fab)
      (effects (font (size 0.4 0.4) (thickness 0.06)))
    )
    (fp_line (start 1.48 0.73) (end -1.48 0.73) (layer F.CrtYd) (width 0.05))
    (fp_line (start 1.48 -0.73) (end 1.48 0.73) (layer F.CrtYd) (width 0.05))
    (fp_line (start -1.48 -0.73) (end 1.48 -0.73) (layer F.CrtYd) (width 0.05))
    (fp_line (start -1.48 0.73) (end -1.48 -0.73) (layer F.CrtYd) (width 0.05))
    (fp_line (start -0.162779 0.51) (end 0.162779 0.51) (layer F.SilkS) (width 0.12))
    (fp_line (start -0.162779 -0.51) (end 0.162779 -0.51) (layer F.SilkS) (width 0.12))
    (fp_line (start 0.8 0.4) (end -0.8 0.4) (layer F.Fab) (width 0.1))
    (fp_line (start 0.8 -0.4) (end 0.8 0.4) (layer F.Fab) (width 0.1))
    (fp_line (start -0.8 -0.4) (end 0.8 -0.4) (layer F.Fab) (width 0.1))
    (fp_line (start -0.8 0.4) (end -0.8 -0.4) (layer F.Fab) (width 0.1))
    (pad 2 smd roundrect (at 0.7875 0) (size 0.875 0.95) (layers F.Cu F.Paste F.Mask) (roundrect_rratio 0.25)
      (net 19 /SapphireMini_Proc/RED_LED2))
    (pad 1 smd roundrect (at -0.7875 0) (size 0.875 0.95) (layers F.Cu F.Paste F.Mask) (roundrect_rratio 0.25)
      (net 91 "Net-(R518-Pad1)"))
    (model ${KISYS3DMOD}/Resistor_SMD.3dshapes/R_0603_1608Metric.wrl
      (at (xyz 0 0 0))
      (scale (xyz 1 1 1))
      (rotate (xyz 0 0 0))
    )
  )

  (module Resistor_SMD:R_0603_1608Metric (layer B.Cu) (tedit 5B301BBD) (tstamp 5E41B40B)
    (at 116.84 87.63)
    (descr "Resistor SMD 0603 (1608 Metric), square (rectangular) end terminal, IPC_7351 nominal, (Body size source: http://www.tortai-tech.com/upload/download/2011102023233369053.pdf), generated with kicad-footprint-generator")
    (tags resistor)
    (path /5E41DEF4/5E9FAA5E)
    (attr smd)
    (fp_text reference R517 (at 3.556 0) (layer B.SilkS)
      (effects (font (size 1 1) (thickness 0.15)) (justify mirror))
    )
    (fp_text value 47 (at 0.635 1.27) (layer B.Fab)
      (effects (font (size 1 1) (thickness 0.15)) (justify mirror))
    )
    (fp_text user %R (at 0 0) (layer B.Fab)
      (effects (font (size 0.4 0.4) (thickness 0.06)) (justify mirror))
    )
    (fp_line (start 1.48 -0.73) (end -1.48 -0.73) (layer B.CrtYd) (width 0.05))
    (fp_line (start 1.48 0.73) (end 1.48 -0.73) (layer B.CrtYd) (width 0.05))
    (fp_line (start -1.48 0.73) (end 1.48 0.73) (layer B.CrtYd) (width 0.05))
    (fp_line (start -1.48 -0.73) (end -1.48 0.73) (layer B.CrtYd) (width 0.05))
    (fp_line (start -0.162779 -0.51) (end 0.162779 -0.51) (layer B.SilkS) (width 0.12))
    (fp_line (start -0.162779 0.51) (end 0.162779 0.51) (layer B.SilkS) (width 0.12))
    (fp_line (start 0.8 -0.4) (end -0.8 -0.4) (layer B.Fab) (width 0.1))
    (fp_line (start 0.8 0.4) (end 0.8 -0.4) (layer B.Fab) (width 0.1))
    (fp_line (start -0.8 0.4) (end 0.8 0.4) (layer B.Fab) (width 0.1))
    (fp_line (start -0.8 -0.4) (end -0.8 0.4) (layer B.Fab) (width 0.1))
    (pad 2 smd roundrect (at 0.7875 0) (size 0.875 0.95) (layers B.Cu B.Paste B.Mask) (roundrect_rratio 0.25)
      (net 58 /SapphireMini_GNSS/~GNSS_GO2SLEEP))
    (pad 1 smd roundrect (at -0.7875 0) (size 0.875 0.95) (layers B.Cu B.Paste B.Mask) (roundrect_rratio 0.25)
      (net 90 "Net-(R517-Pad1)"))
    (model ${KISYS3DMOD}/Resistor_SMD.3dshapes/R_0603_1608Metric.wrl
      (at (xyz 0 0 0))
      (scale (xyz 1 1 1))
      (rotate (xyz 0 0 0))
    )
  )

  (module Resistor_SMD:R_0603_1608Metric (layer F.Cu) (tedit 5B301BBD) (tstamp 5E41B3FA)
    (at 128.524 110.744)
    (descr "Resistor SMD 0603 (1608 Metric), square (rectangular) end terminal, IPC_7351 nominal, (Body size source: http://www.tortai-tech.com/upload/download/2011102023233369053.pdf), generated with kicad-footprint-generator")
    (tags resistor)
    (path /5E41DEF4/5E9FC472)
    (attr smd)
    (fp_text reference R516 (at -3.556 0) (layer F.SilkS)
      (effects (font (size 1 1) (thickness 0.15)))
    )
    (fp_text value 47 (at 4.191 -0.254) (layer F.Fab)
      (effects (font (size 1 1) (thickness 0.15)))
    )
    (fp_text user %R (at 0 0) (layer F.Fab)
      (effects (font (size 0.4 0.4) (thickness 0.06)))
    )
    (fp_line (start 1.48 0.73) (end -1.48 0.73) (layer F.CrtYd) (width 0.05))
    (fp_line (start 1.48 -0.73) (end 1.48 0.73) (layer F.CrtYd) (width 0.05))
    (fp_line (start -1.48 -0.73) (end 1.48 -0.73) (layer F.CrtYd) (width 0.05))
    (fp_line (start -1.48 0.73) (end -1.48 -0.73) (layer F.CrtYd) (width 0.05))
    (fp_line (start -0.162779 0.51) (end 0.162779 0.51) (layer F.SilkS) (width 0.12))
    (fp_line (start -0.162779 -0.51) (end 0.162779 -0.51) (layer F.SilkS) (width 0.12))
    (fp_line (start 0.8 0.4) (end -0.8 0.4) (layer F.Fab) (width 0.1))
    (fp_line (start 0.8 -0.4) (end 0.8 0.4) (layer F.Fab) (width 0.1))
    (fp_line (start -0.8 -0.4) (end 0.8 -0.4) (layer F.Fab) (width 0.1))
    (fp_line (start -0.8 0.4) (end -0.8 -0.4) (layer F.Fab) (width 0.1))
    (pad 2 smd roundrect (at 0.7875 0) (size 0.875 0.95) (layers F.Cu F.Paste F.Mask) (roundrect_rratio 0.25)
      (net 21 /SapphireMini_Proc/GREEN_LED))
    (pad 1 smd roundrect (at -0.7875 0) (size 0.875 0.95) (layers F.Cu F.Paste F.Mask) (roundrect_rratio 0.25)
      (net 89 "Net-(R516-Pad1)"))
    (model ${KISYS3DMOD}/Resistor_SMD.3dshapes/R_0603_1608Metric.wrl
      (at (xyz 0 0 0))
      (scale (xyz 1 1 1))
      (rotate (xyz 0 0 0))
    )
  )

  (module Resistor_SMD:R_0603_1608Metric (layer B.Cu) (tedit 5B301BBD) (tstamp 5E41B3E9)
    (at 116.84 92.71)
    (descr "Resistor SMD 0603 (1608 Metric), square (rectangular) end terminal, IPC_7351 nominal, (Body size source: http://www.tortai-tech.com/upload/download/2011102023233369053.pdf), generated with kicad-footprint-generator")
    (tags resistor)
    (path /5E41DEF4/5E9F91A9)
    (attr smd)
    (fp_text reference R515 (at 3.556 0) (layer B.SilkS)
      (effects (font (size 1 1) (thickness 0.15)) (justify mirror))
    )
    (fp_text value 47 (at 0.635 1.27) (layer B.Fab)
      (effects (font (size 1 1) (thickness 0.15)) (justify mirror))
    )
    (fp_text user %R (at 0 0) (layer B.Fab)
      (effects (font (size 0.4 0.4) (thickness 0.06)) (justify mirror))
    )
    (fp_line (start 1.48 -0.73) (end -1.48 -0.73) (layer B.CrtYd) (width 0.05))
    (fp_line (start 1.48 0.73) (end 1.48 -0.73) (layer B.CrtYd) (width 0.05))
    (fp_line (start -1.48 0.73) (end 1.48 0.73) (layer B.CrtYd) (width 0.05))
    (fp_line (start -1.48 -0.73) (end -1.48 0.73) (layer B.CrtYd) (width 0.05))
    (fp_line (start -0.162779 -0.51) (end 0.162779 -0.51) (layer B.SilkS) (width 0.12))
    (fp_line (start -0.162779 0.51) (end 0.162779 0.51) (layer B.SilkS) (width 0.12))
    (fp_line (start 0.8 -0.4) (end -0.8 -0.4) (layer B.Fab) (width 0.1))
    (fp_line (start 0.8 0.4) (end 0.8 -0.4) (layer B.Fab) (width 0.1))
    (fp_line (start -0.8 0.4) (end 0.8 0.4) (layer B.Fab) (width 0.1))
    (fp_line (start -0.8 -0.4) (end -0.8 0.4) (layer B.Fab) (width 0.1))
    (pad 2 smd roundrect (at 0.7875 0) (size 0.875 0.95) (layers B.Cu B.Paste B.Mask) (roundrect_rratio 0.25)
      (net 56 /SapphireMini_DLHR/I2C_SDA))
    (pad 1 smd roundrect (at -0.7875 0) (size 0.875 0.95) (layers B.Cu B.Paste B.Mask) (roundrect_rratio 0.25)
      (net 88 "Net-(R515-Pad1)"))
    (model ${KISYS3DMOD}/Resistor_SMD.3dshapes/R_0603_1608Metric.wrl
      (at (xyz 0 0 0))
      (scale (xyz 1 1 1))
      (rotate (xyz 0 0 0))
    )
  )

  (module Resistor_SMD:R_0603_1608Metric (layer B.Cu) (tedit 5B301BBD) (tstamp 5E41B3D8)
    (at 118.745 81.788)
    (descr "Resistor SMD 0603 (1608 Metric), square (rectangular) end terminal, IPC_7351 nominal, (Body size source: http://www.tortai-tech.com/upload/download/2011102023233369053.pdf), generated with kicad-footprint-generator")
    (tags resistor)
    (path /5E41DEF4/5E9F9DAC)
    (attr smd)
    (fp_text reference R514 (at 3.556 0) (layer B.SilkS)
      (effects (font (size 1 1) (thickness 0.15)) (justify mirror))
    )
    (fp_text value 47 (at 0 -1.43) (layer B.Fab)
      (effects (font (size 1 1) (thickness 0.15)) (justify mirror))
    )
    (fp_text user %R (at 0 0) (layer B.Fab)
      (effects (font (size 0.4 0.4) (thickness 0.06)) (justify mirror))
    )
    (fp_line (start 1.48 -0.73) (end -1.48 -0.73) (layer B.CrtYd) (width 0.05))
    (fp_line (start 1.48 0.73) (end 1.48 -0.73) (layer B.CrtYd) (width 0.05))
    (fp_line (start -1.48 0.73) (end 1.48 0.73) (layer B.CrtYd) (width 0.05))
    (fp_line (start -1.48 -0.73) (end -1.48 0.73) (layer B.CrtYd) (width 0.05))
    (fp_line (start -0.162779 -0.51) (end 0.162779 -0.51) (layer B.SilkS) (width 0.12))
    (fp_line (start -0.162779 0.51) (end 0.162779 0.51) (layer B.SilkS) (width 0.12))
    (fp_line (start 0.8 -0.4) (end -0.8 -0.4) (layer B.Fab) (width 0.1))
    (fp_line (start 0.8 0.4) (end 0.8 -0.4) (layer B.Fab) (width 0.1))
    (fp_line (start -0.8 0.4) (end 0.8 0.4) (layer B.Fab) (width 0.1))
    (fp_line (start -0.8 -0.4) (end -0.8 0.4) (layer B.Fab) (width 0.1))
    (pad 2 smd roundrect (at 0.7875 0) (size 0.875 0.95) (layers B.Cu B.Paste B.Mask) (roundrect_rratio 0.25)
      (net 29 /SapphireMini_DLHR/DLHR_EOC))
    (pad 1 smd roundrect (at -0.7875 0) (size 0.875 0.95) (layers B.Cu B.Paste B.Mask) (roundrect_rratio 0.25)
      (net 87 "Net-(R514-Pad1)"))
    (model ${KISYS3DMOD}/Resistor_SMD.3dshapes/R_0603_1608Metric.wrl
      (at (xyz 0 0 0))
      (scale (xyz 1 1 1))
      (rotate (xyz 0 0 0))
    )
  )

  (module Resistor_SMD:R_0603_1608Metric (layer B.Cu) (tedit 5B301BBD) (tstamp 5E41B3C7)
    (at 116.84 100.076)
    (descr "Resistor SMD 0603 (1608 Metric), square (rectangular) end terminal, IPC_7351 nominal, (Body size source: http://www.tortai-tech.com/upload/download/2011102023233369053.pdf), generated with kicad-footprint-generator")
    (tags resistor)
    (path /5E41DEF4/5E9FA68C)
    (attr smd)
    (fp_text reference R513 (at 3.556 0) (layer B.SilkS)
      (effects (font (size 1 1) (thickness 0.15)) (justify mirror))
    )
    (fp_text value 47 (at 0.635 1.524) (layer B.Fab)
      (effects (font (size 1 1) (thickness 0.15)) (justify mirror))
    )
    (fp_text user %R (at 0 0) (layer B.Fab)
      (effects (font (size 0.4 0.4) (thickness 0.06)) (justify mirror))
    )
    (fp_line (start 1.48 -0.73) (end -1.48 -0.73) (layer B.CrtYd) (width 0.05))
    (fp_line (start 1.48 0.73) (end 1.48 -0.73) (layer B.CrtYd) (width 0.05))
    (fp_line (start -1.48 0.73) (end 1.48 0.73) (layer B.CrtYd) (width 0.05))
    (fp_line (start -1.48 -0.73) (end -1.48 0.73) (layer B.CrtYd) (width 0.05))
    (fp_line (start -0.162779 -0.51) (end 0.162779 -0.51) (layer B.SilkS) (width 0.12))
    (fp_line (start -0.162779 0.51) (end 0.162779 0.51) (layer B.SilkS) (width 0.12))
    (fp_line (start 0.8 -0.4) (end -0.8 -0.4) (layer B.Fab) (width 0.1))
    (fp_line (start 0.8 0.4) (end 0.8 -0.4) (layer B.Fab) (width 0.1))
    (fp_line (start -0.8 0.4) (end 0.8 0.4) (layer B.Fab) (width 0.1))
    (fp_line (start -0.8 -0.4) (end -0.8 0.4) (layer B.Fab) (width 0.1))
    (pad 2 smd roundrect (at 0.7875 0) (size 0.875 0.95) (layers B.Cu B.Paste B.Mask) (roundrect_rratio 0.25)
      (net 37 /SapphireMini_Proc/SPI_MOSI))
    (pad 1 smd roundrect (at -0.7875 0) (size 0.875 0.95) (layers B.Cu B.Paste B.Mask) (roundrect_rratio 0.25)
      (net 86 "Net-(R513-Pad1)"))
    (model ${KISYS3DMOD}/Resistor_SMD.3dshapes/R_0603_1608Metric.wrl
      (at (xyz 0 0 0))
      (scale (xyz 1 1 1))
      (rotate (xyz 0 0 0))
    )
  )

  (module Resistor_SMD:R_0603_1608Metric (layer F.Cu) (tedit 5B301BBD) (tstamp 5E41B3B6)
    (at 108.204 102.108 180)
    (descr "Resistor SMD 0603 (1608 Metric), square (rectangular) end terminal, IPC_7351 nominal, (Body size source: http://www.tortai-tech.com/upload/download/2011102023233369053.pdf), generated with kicad-footprint-generator")
    (tags resistor)
    (path /5E41DEF4/5E9FADAA)
    (attr smd)
    (fp_text reference R512 (at 0 -1.43) (layer F.SilkS)
      (effects (font (size 1 1) (thickness 0.15)))
    )
    (fp_text value 47 (at 0 1.143) (layer F.Fab)
      (effects (font (size 1 1) (thickness 0.15)))
    )
    (fp_text user %R (at 0 0) (layer F.Fab)
      (effects (font (size 0.4 0.4) (thickness 0.06)))
    )
    (fp_line (start 1.48 0.73) (end -1.48 0.73) (layer F.CrtYd) (width 0.05))
